kgriffs,vytas7,jmvrbanac,CaselIT,fxfitz,myusko,painterjd,lichray,steven-upside,santeyio,joshbrand,maxking,mcm,ex-nerd,davidbgk,flaper87,tudborg,philiptzou,yohanboniface,sebasmagri,ueg1990,ozzzik,csojinb,mgorny,navyad,rs-randallburt,tipabu,wssbck,vgerak,carlwgeorge,aparkerlue,Ciemaar,grktsh,b6d,carlodri,cclauss,chripede,dmvass,DmitriiTrofimov,hugovk,jaypipes,MinesJA,sudorandom,Nateyo,copalco,seanharrison,yasek,sorenisanerd,sriram-mv,kemingy,w1z2g3,hpincket,lwcolton,mayurmahajan,safaozturk93,abidahmadq,adsahay,KingAkeem,alisaifee,alysivji,amarynets,andriyor,tribals,awbush,aryaniyaps,ashutoshvarma,astonm,warsaw,the-bets,BigBlueHat,edmondb,chadlung,cravindra,CozyDoomer,jensenbox,csojinb-picwell,Coykto,danilito19,peoplemerge,Joacchim,thrawn01,dflss,Contessina,ema,euj1n0ng,GriffGeorge,hozn,hynek,jkklapp,rahmonov,jgehrcke,jkapica,jeffrey4l,john-g-g,jordanrinke,klardotsh,synapticarbors,Just-Sieb,JustinTArthur,kaichan1201,karlhigley,nix010,laurent-chriqui,minrock,masellfoodpanda,waghanza,mattdonders,mattgiles,liborjelinek,dracos,DSIW,molund,butla,rubik,mihaitodor,mivade,munircontractor,RioAtHome,thedrow,AR4Z,nfsec,hackedd,pbjr23,houqp,rafalkasa,paneru-rajan,richardolsson,rmyers,brunneis,RonRothman,rhemz,ZDBioHazard,swizzard,withshubh,ashcrow,sseg,TheMushrr00m,TigreModerata,timc13,timgates42,TBoshoven,tyronegroves,Freezerburn,yashmehrotra,zg,muodov,zubairakram,bkcsfi,cindy,dimucciojonathan,selfvin,forana,ksonj,hooblei,meetshah133,michaelboulton,mosi-kha,nagaabhinaya,roeih-stratoscale,screamingskulls,signalw,stiefel40k,swistakm,treharne
